0.1,6,33,38,74,87,106,99
6,0.1,38,43,66,80,99,94
33,38,0.1,6,101,114,92,127
38,43,6,0.1,105,118,86,132
74,66,101,105,0.1,16,36,64
87,80,114,118,16,0.1,36,74
106,99,92,86,36,36,0.1,46
99,94,127,132,64,74,46,0.1